Squiggly Sudoku von mathematik.ch
5
5
4
0
5
0
undefined
undefined
undefined
001020212223,304050314132,010203040515,111213142425,333435455554,514252435344
001020212223,304050314132,010203040515,111213142425,333435455554,514252435344
001011121314,010203040515,203040505152,212232314142,232425354555,334353544434
001020212223,304050314132,010203040515,111213142425,333435455554,514252435344
001020303132,011112131424,020304051525,212223334353,343545555444,405051414252
001011213141,010212222313,030405151424,203040505152,253534444555,324243535433
,,,,,
,,,,,
,,,,,
 1 3  ,16  3 , 36   ,      , 4   5,3     
4312  , 1    ,3     , 2  6 ,      ,   623
4216  ,      ,    3 ,  63 2,  4   ,5  1  
 2634 , 3 5 1,4    2,      ,      ,      
14  2 ,  5   , 3    ,3  5  ,     2,25    
      ,1     ,5     ,3   62,   35 ,      
,,,,,
,,,,,
,,,,,
2
6
5
0
6
3
undefined
undefined
undefined
001020011121021222,031323041424051525,061626071727081828,304050606171727374,314151425262435363,323334354536463738,445464555647574858,657585848382818070,667686677787687888
001011212212131424,010203040506162636,070818172728383747,152535344445465655,203031414050515242,233332435363626160,485857677787887868,546465667675858674,707181807273838482
001020212223242515,010212110304141305,061626363545445464,070818282717383747,303132333440414252,435363627271615150,465666675758485565,607080818283848586,687877878876757473
000111212010021222,031314243435364647,040506162625150708,171828383727485857,233332313040505152,414243536373838474,444555546465757677,566667687888878685,606162728281717080
000111213141516171,021213030414242322,050607081817162636,102030405060708081,152535343343444555,273738284746565767,324252535464637374,485868787776756566,627282838485868788
001020303121110102,030414131222324243,050616262717070818,152524343323353646,283848586867777888,374757566665554544,404151525363626171,506070808182837372,546474757686858487
,,,,,,,,
,,,,,,,,
,,,,,,,,
  417    ,9 243   5,  3    4 ,14 72 8  ,   6  1  ,  1  64  , 2 5    3,   3   14, 6    9 2
    8 3 6,  631   5,  51   7 ,9 2   6  ,85   6 2 ,    67   ,      2 9, 1 53  6 ,   849 12
 8 23    ,  64     ,   84 367,9 1   2  ,   7    2,49    85 ,   3 94  , 6   37 9, 3     8 
 3   295 , 2 5  6 8,  5      ,     63  ,  2   7  ,   8   4 ,7  38 21 , 8361    , 617     
12 486  7,74 2  9  , 6       , 837  26 ,597 6    ,6 8     4,8        ,  1  8752, 1       
6 4  9 1 ,1   264  ,9 1 8    ,   7   41, 65 9 13 ,    6  2 ,8925 1   ,         ,5  6 3   
,,,,,,,,
,,,,,,,,
,,,,,,,,
